Dataset 	 CR = 1 	 CR > 0.7	 CR values
armstrong-2002	0	0	0.694641	0.494694
ds4c2sc8	0	1	0.871333	0.316945
atom	1	1	1
target	0	1	0.970209
dyrskjot-2003	0	0	0.628386
twoDiamonds	1	1	1
tetra	1	1	1
su-2001	0	0	0.578603
spiralsquare	1	1	1	0.666503
yeoh-2002-v1	0	1	0.925049	0.187936
hepta	0	1	0.971845
wingNut	1	1	1
contractions	0	0	0.347063
monkey	0	1	0.732309	0.648187	0.53459	0.686041
miRNAcancer	0	0	0.415693	0.57461	0.602989	0.322842	0.230864	0.0674549
ds2c2sc13	1	2	0.38086	0.785674	1
gaussian3	1	1	1
weaning	0	0	0.0680081
libras	0	0	0.343654	0.221628
eTongueSugar	0	0	0.0686389	0.535379
laryngeal3	0	0	0.0975606	0.0805286
chowdary-2006	0	0	0.0657373
respiratory	0	0	0.123354
lsun	1	1	1
laryngeal2	0	0	0.183892
voice9	0	0	0.092269	0.108584
ds3c3sc6	0	1	0.667812	0.937079
gordon-2002	0	0	0.174411
simulated6	0	1	0.985782
engyTime	0	1	0.823017
laryngeal1	0	0	0.100299
golub	0	3	0.963876	0.718601	0.135412	0.901527
segmentation	0	0	0.403254
lung	0	0	0.639929
voice3	0	0	0.125435	0.114191
glass	0	0	0.66646	0.559855	0.263552
iris	0	1	0.759199